output/Tca.asc
NCOLS 675
NROWS 650
XLLCORNER 1669000.0
YLLCORNER 5070800.0
CELLSIZE 20.0
NODATA_VALUE -9999
[rows 34 to 67 of 650, columns 154 to 230 of 675]
9.0 1.0 4.0 3.0 2.0 1.0 1.0 1.0 2.0 3.0 4.0 5.0 6.0 7.0 8.0 17.0 46.0 3.0 2.0 3.0 2.0 2.0 1.0 1.0 -9999 -9999 -9999 -9999 -9999 1.0 8.0 9.0 12.0 13.0 17.0 24.0 8.0 1.0 29.0 130.0 54.0 1.0 89.0 2.0 1.0 2.0 1.0 17.0 16.0 1.0 2.0 3.0 18.0 11.0 2.0 27.0 8.0 26.0 17.0 6.0 12.0 9.0 7.0 21.0 58.0 47.0 9.0 9.0 8.0 2.0 1.0 5.0 4.0 3.0 2.0 1.0 1.0
11.0 6.0 1.0 5.0 2.0 1.0 1.0 2.0 3.0 4.0 5.0 6.0 7.0 8.0 9.0 9.0 64.0 1.0 9.0 3.0 3.0 2.0 3.0 1.0 -9999 -9999 -9999 1.0 2.0 6.0 1.0 2.0 1.0 2.0 1.0 1.0 33.0 31.0 131.0 1.0 95.0 93.0 3.0 4.0 3.0 20.0 19.0 1.0 4.0 3.0 4.0 19.0 12.0 3.0 28.0 1.0 27.0 15.0 14.0 13.0 9.0 8.0 22.0 60.0 1.0 22.0 21.0 11.0 10.0 7.0 6.0 3.0 2.0 1.0 1.0 2.0 4.0
7.0 8.0 7.0 1.0 2.0 2.0 1.0 1.0 2.0 3.0 4.0 5.0 6.0 7.0 8.0 18.0 92.0 1.0 19.0 4.0 3.0 5.0 1.0 3.0 2.0 1.0 1.0 2.0 3.0 1.0 2.0 3.0 4.0 5.0 8.0 2.0 35.0 32.0 133.0 96.0 1.0 6.0 5.0 23.0 22.0 1.0 7.0 6.0 1.0 25.0 20.0 13.0 4.0 29.0 30.0 28.0 16.0 12.0 11.0 10.0 110.0 109.0 86.0 25.0 24.0 1.0 10.0 9.0 8.0 7.0 6.0 2.0 1.0 2.0 8.0 5.0 1.0
9.0 1.0 4.0 3.0 3.0 2.0 1.0 1.0 1.0 2.0 3.0 4.0 5.0 6.0 7.0 8.0 9.0 102.0 20.0 4.0 6.0 1.0 4.0 1.0 2.0 1.0 1.0 2.0 3.0 1.0 2.0 3.0 4.0 5.0 1.0 9.0 3.0 68.0 134.0 98.0 7.0 26.0 25.0 1.0 10.0 9.0 1.0 27.0 26.0 1.0 19.0 5.0 30.0 31.0 31.0 30.0 13.0 134.0 133.0 132.0 21.0 20.0 19.0 18.0 17.0 16.0 5.0 4.0 3.0 2.0 1.0 4.0 3.0 9.0 1.0 2.0 1.0
16.0 5.0 8.0 7.0 3.0 2.0 1.0 1.0 2.0 3.0 4.0 5.0 6.0 7.0 8.0 9.0 23.0 24.0 147.0 20.0 9.0 7.0 2.0 3.0 1.0 1.0 1.0 1.0 1.0 5.0 1.0 2.0 3.0 4.0 10.0 12.0 10.0 72.0 135.0 106.0 27.0 1.0 12.0 11.0 2.0 1.0 29.0 1.0 22.0 20.0 32.0 31.0 32.0 32.0 1.0 136.0 135.0 3.0 2.0 1.0 16.0 15.0 14.0 13.0 12.0 11.0 10.0 9.0 8.0 7.0 6.0 1.0 10.0 2.0 1.0 3.0 7.0
17.0 10.0 1.0 4.0 3.0 2.0 1.0 1.0 2.0 3.0 1.0 2.0 3.0 4.0 12.0 13.0 1.0 16.0 164.0 21.0 2.0 1.0 6.0 2.0 1.0 2.0 2.0 1.0 2.0 1.0 7.0 8.0 9.0 10.0 11.0 12.0 13.0 83.0 242.0 28.0 16.0 14.0 1.0 34.0 31.0 30.0 1.0 23.0 1.0 33.0 1.0 66.0 33.0 140.0 138.0 1.0 25.0 21.0 20.0 19.0 2.0 1.0 4.0 3.0 2.0 1.0 4.0 3.0 2.0 1.0 12.0 11.0 1.0 3.0 5.0 1.0 8.0
28.0 1.0 6.0 1.0 3.0 2.0 2.0 1.0 1.0 1.0 4.0 5.0 6.0 7.0 6.0 7.0 14.0 1.0 2.0 191.0 1.0 7.0 3.0 2.0 1.0 3.0 3.0 1.0 2.0 3.0 1.0 2.0 3.0 4.0 5.0 6.0 13.0 110.0 243.0 45.0 2.0 1.0 37.0 2.0 1.0 26.0 24.0 2.0 34.0 69.0 67.0 142.0 141.0 1.0 27.0 26.0 3.0 2.0 1.0 7.0 6.0 5.0 2.0 1.0 6.0 5.0 1.0 1.0 1.0 13.0 1.0 1.0 2.0 4.0 6.0 2.0 9.0
247.0 7.0 5.0 4.0 3.0 3.0 1.0 2.0 1.0 2.0 2.0 3.0 4.0 5.0 1.0 6.0 1.0 2.0 12.0 204.0 8.0 4.0 1.0 2.0 4.0 1.0 1.0 5.0 1.0 3.0 7.0 8.0 9.0 10.0 11.0 12.0 19.0 1.0 354.0 48.0 40.0 39.0 1.0 1.0 27.0 4.0 3.0 35.0 71.0 1.0 143.0 1.0 30.0 28.0 1.0 5.0 1.0 1.0 9.0 1.0 4.0 3.0 1.0 7.0 1.0 2.0 2.0 2.0 14.0 2.0 1.0 4.0 1.0 5.0 7.0 3.0 10.0
256.0 6.0 1.0 4.0 4.0 2.0 3.0 1.0 1.0 2.0 3.0 1.0 2.0 3.0 4.0 4.0 8.0 9.0 4.0 5.0 222.0 2.0 3.0 5.0 2.0 1.0 1.0 7.0 2.0 1.0 1.0 2.0 3.0 6.0 7.0 8.0 9.0 20.0 356.0 89.0 1.0 1.0 2.0 28.0 5.0 1.0 36.0 72.0 1.0 144.0 2.0 31.0 1.0 8.0 6.0 3.0 2.0 10.0 1.0 5.0 1.0 2.0 8.0 2.0 3.0 3.0 3.0 15.0 3.0 1.0 2.0 5.0 2.0 6.0 8.0 4.0 11.0
280.0 2.0 5.0 5.0 3.0 1.0 4.0 2.0 2.0 1.0 3.0 4.0 1.0 2.0 3.0 3.0 2.0 3.0 1.0 2.0 1.0 228.0 6.0 1.0 3.0 2.0 9.0 1.0 3.0 1.0 2.0 1.0 2.0 1.0 2.0 3.0 1.0 11.0 377.0 91.0 2.0 32.0 29.0 6.0 2.0 110.0 73.0 2.0 145.0 35.0 32.0 2.0 9.0 1.0 4.0 12.0 11.0 2.0 6.0 2.0 3.0 9.0 3.0 4.0 4.0 4.0 16.0 1.0 4.0 2.0 3.0 6.0 3.0 7.0 9.0 5.0 12.0
281.0 8.0 6.0 4.0 2.0 5.0 1.0 3.0 3.0 2.0 4.0 1.0 5.0 1.0 2.0 1.0 1.0 4.0 5.0 6.0 3.0 230.0 7.0 5.0 3.0 1.0 11.0 1.0 5.0 1.0 1.0 4.0 5.0 6.0 7.0 1.0 4.0 1.0 389.0 94.0 33.0 1.0 7.0 3.0 111.0 1.0 149.0 146.0 36.0 1.0 3.0 10.0 2.0 5.0 13.0 1.0 3.0 1.0 9.0 4.0 10.0 4.0 5.0 5.0 5.0 1.0 18.0 5.0 1.0 3.0 4.0 7.0 4.0 8.0 1.0 15.0 13.0
10.0 296.0 5.0 3.0 6.0 2.0 4.0 1.0 4.0 1.0 3.0 5.0 7.0 1.0 1.0 1.0 2.0 1.0 2.0 3.0 10.0 244.0 8.0 6.0 4.0 2.0 12.0 7.0 2.0 1.0 1.0 1.0 1.0 1.0 1.0 8.0 10.0 5.0 391.0 95.0 34.0 9.0 4.0 112.0 2.0 150.0 1.0 37.0 2.0 4.0 11.0 3.0 6.0 14.0 2.0 1.0 5.0 10.0 1.0 5.0 11.0 5.0 11.0 1.0 7.0 19.0 1.0 6.0 5.0 1.0 5.0 8.0 5.0 9.0 2.0 16.0 14.0
12.0 307.0 9.0 7.0 3.0 1.0 5.0 2.0 1.0 6.0 4.0 6.0 8.0 2.0 1.0 2.0 3.0 4.0 5.0 6.0 7.0 1.0 253.0 7.0 7.0 13.0 1.0 8.0 4.0 1.0 2.0 1.0 2.0 4.0 6.0 2.0 3.0 11.0 397.0 96.0 44.0 5.0 113.0 3.0 151.0 40.0 38.0 3.0 17.0 12.0 4.0 7.0 15.0 3.0 2.0 6.0 1.0 12.0 6.0 12.0 6.0 12.0 1.0 9.0 20.0 2.0 1.0 7.0 6.0 2.0 6.0 9.0 6.0 1.0 12.0 17.0 15.0
5.0 320.0 17.0 1.0 5.0 1.0 6.0 3.0 2.0 7.0 5.0 7.0 9.0 3.0 2.0 1.0 1.0 1.0 2.0 1.0 2.0 10.0 2.0 261.0 8.0 14.0 10.0 5.0 2.0 3.0 1.0 1.0 2.0 1.0 1.0 8.0 9.0 4.0 409.0 97.0 45.0 119.0 4.0 152.0 41.0 1.0 4.0 18.0 1.0 5.0 8.0 16.0 4.0 3.0 7.0 2.0 13.0 7.0 13.0 1.0 7.0 14.0 10.0 1.0 21.0 4.0 1.0 8.0 7.0 3.0 7.0 10.0 7.0 2.0 13.0 18.0 16.0
10.0 6.0 338.0 2.0 6.0 8.0 4.0 1.0 3.0 8.0 6.0 8.0 13.0 1.0 4.0 1.0 1.0 2.0 1.0 4.0 5.0 6.0 11.0 264.0 9.0 15.0 16.0 3.0 4.0 2.0 1.0 1.0 2.0 5.0 2.0 3.0 1.0 10.0 414.0 98.0 165.0 5.0 153.0 42.0 7.0 5.0 19.0 2.0 15.0 9.0 17.0 5.0 4.0 8.0 3.0 14.0 1.0 8.0 15.0 8.0 15.0 1.0 12.0 22.0 5.0 1.0 10.0 1.0 8.0 4.0 8.0 1.0 11.0 10.0 14.0 19.0 17.0
1.0 11.0 345.0 3.0 7.0 9.0 5.0 2.0 4.0 15.0 1.0 9.0 14.0 6.0 1.0 2.0 1.0 2.0 3.0 4.0 1.0 2.0 7.0 12.0 274.0 16.0 20.0 5.0 3.0 2.0 1.0 1.0 2.0 3.0 6.0 7.0 4.0 2.0 425.0 99.0 171.0 154.0 43.0 8.0 1.0 23.0 3.0 16.0 19.0 18.0 6.0 5.0 9.0 4.0 15.0 2.0 9.0 16.0 1.0 9.0 17.0 13.0 23.0 1.0 6.0 2.0 11.0 2.0 9.0 1.0 5.0 10.0 12.0 11.0 15.0 20.0 18.0
1.0 13.0 1.0 349.0 8.0 10.0 6.0 3.0 5.0 16.0 2.0 10.0 15.0 7.0 2.0 3.0 2.0 3.0 1.0 1.0 5.0 1.0 3.0 8.0 287.0 37.0 6.0 4.0 3.0 2.0 1.0 1.0 2.0 1.0 5.0 6.0 8.0 5.0 428.0 271.0 155.0 53.0 9.0 26.0 24.0 18.0 17.0 20.0 8.0 7.0 6.0 10.0 5.0 16.0 3.0 10.0 17.0 1.0 11.0 18.0 1.0 14.0 25.0 7.0 3.0 1.0 12.0 3.0 1.0 11.0 6.0 11.0 13.0 12.0 16.0 21.0 19.0
4.0 1.0 14.0 351.0 19.0 1.0 10.0 1.0 6.0 17.0 13.0 1.0 16.0 10.0 1.0 4.0 3.0 1.0 4.0 2.0 2.0 6.0 8.0 4.0 9.0 325.0 11.0 4.0 3.0 2.0 1.0 2.0 1.0 3.0 1.0 2.0 7.0 9.0 6.0 855.0 54.0 28.0 27.0 20.0 19.0 31.0 30.0 9.0 19.0 18.0 11.0 6.0 17.0 4.0 11.0 1.0 18.0 2.0 12.0 19.0 2.0 15.0 26.0 8.0 4.0 2.0 13.0 4.0 1.0 13.0 1.0 7.0 25.0 13.0 17.0 22.0 20.0
1.0 5.0 16.0 1.0 371.0 2.0 11.0 2.0 7.0 18.0 14.0 2.0 17.0 11.0 2.0 5.0 4.0 2.0 5.0 1.0 3.0 3.0 1.0 9.0 5.0 335.0 12.0 8.0 1.0 4.0 1.0 3.0 1.0 2.0 4.0 1.0 3.0 8.0 16.0 910.0 29.0 22.0 21.0 34.0 33.0 1.0 22.0 21.0 1.0 8.0 7.0 18.0 5.0 12.0 2.0 19.0 3.0 1.0 13.0 20.0 18.0 27.0 9.0 5.0 1.0 3.0 1.0 14.0 5.0 2.0 15.0 8.0 26.0 14.0 18.0 23.0 21.0
2.0 6.0 1.0 18.0 1.0 374.0 12.0 3.0 8.0 19.0 15.0 3.0 18.0 12.0 3.0 6.0 5.0 1.0 3.0 6.0 2.0 4.0 4.0 6.0 10.0 341.0 13.0 10.0 5.0 1.0 2.0 4.0 1.0 2.0 3.0 5.0 2.0 4.0 935.0 30.0 23.0 37.0 36.0 1.0 1.0 25.0 2.0 1.0 9.0 21.0 20.0 1.0 18.0 1.0 3.0 20.0 4.0 2.0 14.0 21.0 19.0 28.0 10.0 7.0 1.0 4.0 2.0 15.0 6.0 3.0 1.0 16.0 9.0 41.0 42.0 22.0 1.0
3.0 1.0 8.0 1.0 20.0 375.0 1.0 16.0 9.0 20.0 16.0 4.0 19.0 13.0 4.0 7.0 6.0 2.0 4.0 1.0 7.0 3.0 5.0 6.0 7.0 352.0 24.0 1.0 7.0 3.0 1.0 5.0 1.0 2.0 3.0 4.0 6.0 3.0 970.0 24.0 38.0 1.0 1.0 28.0 26.0 1.0 1.0 32.0 22.0 2.0 1.0 19.0 1.0 5.0 21.0 5.0 3.0 1.0 15.0 22.0 20.0 29.0 18.0 1.0 6.0 1.0 1.0 3.0 16.0 7.0 4.0 18.0 10.0 42.0 43.0 23.0 18.0
13.0 2.0 1.0 10.0 1.0 396.0 2.0 1.0 26.0 1.0 37.0 5.0 20.0 18.0 1.0 8.0 1.0 9.0 1.0 5.0 2.0 8.0 4.0 1.0 7.0 360.0 25.0 9.0 1.0 4.0 2.0 6.0 1.0 2.0 3.0 4.0 5.0 10.0 995.0 39.0 2.0 32.0 30.0 1.0 2.0 2.0 33.0 1.0 4.0 1.0 1.0 21.0 1.0 6.0 22.0 6.0 4.0 17.0 23.0 1.0 50.0 1.0 19.0 2.0 7.0 2.0 2.0 4.0 1.0 17.0 8.0 5.0 19.0 53.0 44.0 42.0 174.0
14.0 1.0 4.0 1.0 12.0 397.0 1.0 3.0 28.0 1.0 39.0 6.0 21.0 20.0 1.0 9.0 2.0 1.0 10.0 2.0 6.0 3.0 9.0 5.0 9.0 1.0 386.0 11.0 5.0 1.0 3.0 7.0 1.0 4.0 4.0 5.0 1.0 16.0 1035.0 3.0 33.0 1.0 4.0 3.0 39.0 36.0 2.0 5.0 1.0 2.0 22.0 1.0 2.0 7.0 23.0 7.0 5.0 18.0 24.0 2.0 51.0 21.0 1.0 10.0 1.0 3.0 3.0 1.0 5.0 2.0 18.0 27.0 6.0 20.0 98.0 43.0 222.0
15.0 1.0 6.0 1.0 14.0 1.0 399.0 1.0 4.0 30.0 40.0 1.0 28.0 21.0 11.0 1.0 3.0 1.0 12.0 1.0 3.0 10.0 4.0 10.0 6.0 10.0 388.0 12.0 6.0 2.0 4.0 1.0 8.0 2.0 5.0 5.0 7.0 17.0 1039.0 34.0 2.0 5.0 1.0 40.0 1.0 1.0 6.0 2.0 3.0 1.0 23.0 2.0 3.0 8.0 24.0 8.0 6.0 19.0 27.0 52.0 1.0 22.0 2.0 12.0 4.0 1.0 4.0 1.0 2.0 6.0 3.0 4.0 32.0 39.0 119.0 299.0 33.0
41.0 1.0 9.0 1.0 17.0 1.0 402.0 1.0 2.0 35.0 1.0 42.0 29.0 1.0 34.0 1.0 4.0 1.0 2.0 13.0 2.0 1.0 11.0 5.0 11.0 17.0 389.0 13.0 7.0 3.0 5.0 2.0 9.0 1.0 8.0 6.0 1.0 1064.0 35.0 3.0 6.0 43.0 41.0 2.0 2.0 7.0 3.0 4.0 2.0 24.0 1.0 3.0 1.0 12.0 25.0 9.0 7.0 47.0 1.0 53.0 24.0 3.0 13.0 1.0 6.0 1.0 5.0 2.0 3.0 1.0 7.0 8.0 1.0 2.0 159.0 300.0 27.0
1.0 43.0 1.0 10.0 1.0 18.0 1.0 403.0 2.0 3.0 37.0 1.0 72.0 1.0 36.0 2.0 5.0 2.0 1.0 3.0 14.0 3.0 2.0 12.0 6.0 12.0 407.0 14.0 8.0 4.0 6.0 1.0 12.0 2.0 9.0 1.0 8.0 1100.0 4.0 7.0 44.0 1.0 3.0 3.0 8.0 4.0 5.0 3.0 1.0 25.0 2.0 1.0 5.0 1.0 13.0 35.0 8.0 48.0 55.0 1.0 28.0 1.0 15.0 7.0 2.0 1.0 6.0 3.0 4.0 1.0 2.0 1.0 10.0 11.0 3.0 487.0 2.0
6.0 1.0 44.0 12.0 1.0 20.0 1.0 2.0 404.0 3.0 4.0 38.0 74.0 1.0 38.0 1.0 8.0 3.0 1.0 2.0 18.0 1.0 4.0 3.0 13.0 19.0 1.0 422.0 1.0 13.0 1.0 8.0 1.0 15.0 1.0 11.0 9.0 1105.0 8.0 45.0 2.0 4.0 1.0 12.0 1.0 10.0 4.0 2.0 26.0 3.0 1.0 1.0 7.0 1.0 15.0 36.0 9.0 104.0 1.0 30.0 2.0 16.0 1.0 8.0 4.0 7.0 4.0 1.0 5.0 1.0 2.0 3.0 1.0 2.0 12.0 491.0 6.0
9.0 1.0 2.0 59.0 1.0 22.0 1.0 2.0 3.0 405.0 4.0 5.0 39.0 75.0 2.0 40.0 9.0 4.0 2.0 1.0 3.0 19.0 2.0 8.0 1.0 14.0 20.0 424.0 1.0 2.0 15.0 9.0 2.0 16.0 1.0 13.0 1115.0 1.0 54.0 3.0 1.0 6.0 13.0 1.0 2.0 15.0 3.0 27.0 4.0 1.0 2.0 2.0 1.0 8.0 2.0 16.0 46.0 105.0 32.0 3.0 17.0 1.0 10.0 5.0 8.0 1.0 6.0 1.0 6.0 2.0 1.0 3.0 7.0 1.0 15.0 492.0 31.0
1.0 11.0 13.0 1.0 60.0 24.0 1.0 2.0 3.0 4.0 406.0 5.0 6.0 115.0 1.0 43.0 10.0 1.0 5.0 4.0 4.0 20.0 1.0 3.0 9.0 16.0 21.0 1.0 425.0 4.0 1.0 25.0 1.0 19.0 1.0 15.0 1117.0 1.0 55.0 5.0 1.0 7.0 14.0 2.0 18.0 1.0 31.0 5.0 2.0 3.0 1.0 1.0 3.0 2.0 9.0 19.0 47.0 106.0 33.0 4.0 19.0 1.0 11.0 6.0 10.0 7.0 2.0 7.0 1.0 1.0 4.0 1.0 1.0 8.0 2.0 508.0 34.0
51.0 1.0 1.0 14.0 2.0 61.0 26.0 1.0 3.0 4.0 5.0 407.0 12.0 1.0 117.0 1.0 44.0 11.0 7.0 5.0 1.0 5.0 22.0 1.0 13.0 1.0 38.0 1.0 2.0 428.0 434.0 1.0 26.0 21.0 1.0 17.0 1118.0 57.0 1.0 6.0 2.0 8.0 17.0 1.0 19.0 2.0 37.0 3.0 4.0 1.0 2.0 2.0 1.0 4.0 3.0 10.0 67.0 107.0 34.0 24.0 1.0 13.0 7.0 11.0 8.0 3.0 8.0 2.0 1.0 2.0 1.0 5.0 2.0 2.0 9.0 511.0 53.0
1.0 52.0 2.0 2.0 15.0 3.0 62.0 27.0 2.0 4.0 10.0 408.0 1.0 13.0 2.0 118.0 2.0 56.0 1.0 8.0 7.0 1.0 28.0 1.0 15.0 2.0 39.0 1.0 3.0 1.0 1.0 435.0 2.0 27.0 23.0 1.0 1136.0 58.0 2.0 7.0 3.0 26.0 1.0 21.0 1.0 40.0 4.0 5.0 2.0 3.0 1.0 1.0 3.0 2.0 5.0 4.0 78.0 108.0 35.0 25.0 15.0 1.0 19.0 9.0 4.0 9.0 3.0 2.0 3.0 1.0 2.0 1.0 6.0 3.0 3.0 521.0 72.0
115.0 117.0 170.0 3.0 3.0 16.0 4.0 63.0 30.0 1.0 5.0 11.0 409.0 411.0 427.0 1.0 122.0 1.0 58.0 2.0 16.0 1.0 2.0 30.0 16.0 3.0 40.0 1.0 1.0 4.0 2.0 2.0 436.0 3.0 51.0 2.0 1137.0 59.0 3.0 8.0 4.0 27.0 2.0 22.0 2.0 41.0 5.0 8.0 1.0 5.0 1.0 1.0 2.0 4.0 3.0 6.0 83.0 144.0 26.0 16.0 2.0 1.0 20.0 10.0 14.0 4.0 3.0 1.0 5.0 1.0 1.0 3.0 2.0 7.0 4.0 525.0 75.0
1.0 1.0 1.0 171.0 4.0 4.0 17.0 5.0 64.0 95.0 97.0 103.0 115.0 116.0 117.0 2079.0 2126.0 2252.0 2253.0 2312.0 2332.0 2349.0 2351.0 2384.0 2401.0 4.0 41.0 2.0 1.0 3.0 8.0 3.0 3.0 437.0 4.0 52.0 1140.0 60.0 4.0 9.0 5.0 28.0 3.0 23.0 44.0 6.0 9.0 2.0 6.0 2.0 1.0 2.0 1.0 3.0 5.0 10.0 1.0 228.0 27.0 17.0 4.0 21.0 11.0 1.0 19.0 4.0 2.0 6.0 2.0 1.0 2.0 1.0 4.0 3.0 8.0 530.0 94.0
378.0 2.0 2.0 2.0 172.0 177.0 182.0 200.0 206.0 207.0 208.0 209.0 210.0 1530.0 1534.0 46.0 3.0 1.0 2.0 17.0 1.0 2.0 3.0 4.0 1.0 2407.0 2449.0 3.0 1.0 1.0 1.0 9.0 4.0 8.0 438.0 57.0 1141.0 61.0 5.0 10.0 6.0 29.0 4.0 24.0 45.0 7.0 10.0 9.0 1.0 3.0 2.0 3.0 1.0 5.0 1.0 6.0 12.0 229.0 45.0 5.0 22.0 12.0 2.0 20.0 5.0 3.0 7.0 3.0 2.0 1.0 3.0 1.0 2.0 5.0 4.0 633.0 41.0
